"Code","Name","LA_code","LA_name","All","X0to15","X16to29","X30to44","X45to64","X65plus"
"E01001738","Hackney 012C","E09000012","Hackney","1,924","339","368","699","386","132"
