"Code","Name","LA_code","LA_name","All","X0to15","X16to29","X30to44","X45to64","X65plus"
"E01013971","Nottingham 010E","E06000018","Nottingham","1,552","251","306","430","364","201"
