"Code","Name","LA_code","LA_name","All","X0to15","X16to29","X30to44","X45to64","X65plus"
"W01000434","Powys 007A","W06000023","Powys","1,661","223","209","179","522","528"
