"Code","Name","LA_code","LA_name","All","X0to15","X16to29","X30to44","X45to64","X65plus"
"E01007939","Sheffield 055F","E08000019","Sheffield","1,581","300","154","235","511","381"
