"Code","Name","LA_code","LA_name","All","X0to15","X16to29","X30to44","X45to64","X65plus"
"E01017811","South Bucks 003B","E07000006","South Bucks","1,213","142","116","181","347","427"
