"Code","Name","LA_code","LA_name","All","X0to15","X16to29","X30to44","X45to64","X65plus"
"E01011305","Leeds 089D","E08000035","Leeds","1,505","278","254","310","445","218"
