"Code","Name","LA_code","LA_name","All","X0to15","X16to29","X30to44","X45to64","X65plus"
"E01003437","Merton 022C","E09000024","Merton","1,895","366","290","413","475","351"
