"Code","Name","LA_code","LA_name","All","X0to15","X16to29","X30to44","X45to64","X65plus"
"E01027511","Northumberland 019D","E06000048","Northumberland","1,074","142","93","176","360","303"
