"Code","Name","LA_code","LA_name","All","X0to15","X16to29","X30to44","X45to64","X65plus"
"E01005460","Oldham 035C","E08000004","Oldham","2,597","857","543","578","405","214"
