"Code","Name","LA_code","LA_name","All","X0to15","X16to29","X30to44","X45to64","X65plus"
"E01025209","Pendle 012C","E07000122","Pendle","1,735","397","242","300","405","391"
