"Code","Name","LA_code","LA_name","All","X0to15","X16to29","X30to44","X45to64","X65plus"
"E01015626","Peterborough 004C","E06000031","Peterborough","1,408","493","288","354","227","46"
