"Code","Name","LA_code","LA_name","All","X0to15","X16to29","X30to44","X45to64","X65plus"
"E01025312","Preston 012E","E07000123","Preston","1,571","291","436","375","351","118"
