"Code","Name","LA_code","LA_name","All","X0to15","X16to29","X30to44","X45to64","X65plus"
"E01028600","South Oxfordshire 007A","E07000179","South Oxfordshire","1,484","261","173","209","477","364"
