"Code","Name","LA_code","LA_name","All","X0to15","X16to29","X30to44","X45to64","X65plus"
"E01015213","Torbay 019D","E06000027","Torbay","1,475","327","229","264","409","246"
